1.0000 26279.7857
2.0000 626.8016
3.0000 229.4523
4.0000 148.5763
5.0000 48.8991
6.0000 365.9097
7.0000 20.6008
8.0000 2.0295
9.0000 0.4278
10.0000 1.4716
11.0000 0.0259
12.0000 0.0017
1.0000 26279.7857
2.0000 331.6910
3.0000 198.4614
4.0000 130.4325
5.0000 81.8667
6.0000 44.4092
7.0000 12.0071
8.0000 12.3616
9.0000 2.1973
10.0000 0.0358
11.0000 0.0026
1.0000 26279.7857
2.0000 263.2665
3.0000 171.4552
4.0000 186.6648
5.0000 75.8782
6.0000 15.0630
7.0000 1.8999
8.0000 0.0581
9.0000 0.0085
10.0000 0.0004
1.0000 26279.7857
2.0000 322.6455
3.0000 221.1509
4.0000 2284.6034
5.0000 3541.9029
6.0000 581.3351
7.0000 282.5596
8.0000 68.7606
9.0000 40.2080
10.0000 32.1657
11.0000 1.3949
12.0000 0.0497
13.0000 0.0034
14.0000 0.0002
1.0000 26279.7857
2.0000 204.1305
3.0000 153.9972
4.0000 192.1476
5.0000 70.9791
6.0000 33.1024
7.0000 3.3015
8.0000 0.1432
9.0000 0.0048
10.0000 0.0002
